-0.00434964 6.29867e-05 0.000928508 6.2599e-05 1.3986e-05 6.27154e-05
-0.0063665 7.24309e-05 0.00153384 7.26334e-05 -0.000148096 7.29654e-05
-0.00836288 9.20328e-05 0.00204316 9.25961e-05 0.000124644 9.28029e-05
-0.0100278 0.000119976 0.00237064 0.00012086 -0.000121421 0.000120864
-0.0114139 0.000157707 0.00298958 0.000159019 0.000232597 0.000158775
-0.0132371 0.000205723 0.00378781 0.000207441 -0.000200499 0.00020704
-0.0148235 0.000268097 0.00431425 0.000270335 -0.000413016 0.00026967
-0.0163018 0.000349212 0.0045932 0.00035222 0.000391122 0.000351193
-0.017839 0.000453109 0.00464075 0.000457014 0.000664378 0.000455608
-0.0183491 0.00058337 0.00518873 0.000587954 0.000332492 0.000586446
-0.0216556 0.000750101 0.00468079 0.000756621 0.000902181 0.000754212
-0.021983 0.000958304 0.00422227 0.000967326 -0.00292277 0.00096351
-0.0217465 0.001215 0.00486039 0.001225 0.000389013 0.00122165
-0.0213442 0.00151272 0.00160221 0.00152883 -0.00168732 0.00152322
-0.0221598 0.00192569 0.00653915 0.00193892 0.000724168 0.00193301
-0.0257541 0.00238614 0.00641011 0.00240151 0.00175802 0.00239249
-0.0216311 0.0029419 0.00985875 0.0029533 -0.00337717 0.00294495
-0.0304778 0.00356337 0.00158451 0.00359632 0.00379829 0.00359105
-0.0161069 0.00421856 0.00453805 0.0042479 -0.00224047 0.00423053
-0.0267386 0.00502063 -0.00599095 0.00509425 0.00163371 0.00509626
-0.0170788 0.00577232 0.00368307 0.00582471 -0.000560206 0.00579734
-0.0124231 0.00646966 0.00794425 0.0064923 0.000517122 0.00647214
-0.0239559 0.00694966 0.0182642 0.00702287 0.00901969 0.00692397
-0.00778077 0.00699059 0.00743849 0.0070456 0.00552613 0.00703704
-0.00498933 7.64237e-05 0.000681563 7.60931e-05 1.43601e-05 7.61965e-05
-0.00730847 8.80245e-05 0.0012899 8.83109e-05 -4.73547e-05 8.86913e-05
-0.00940326 0.000111848 0.00154443 0.000112587 7.97768e-05 0.000112838
-0.0112479 0.000146015 0.00269621 0.000147095 3.56914e-05 0.00014709
-0.013259 0.000191697 0.00256141 0.000193324 -0.000144465 0.000193109
-0.0152917 0.000250388 0.00327146 0.000252696 -0.00029993 0.000252054
-0.0159112 0.00032593 0.00389831 0.000328858 7.61402e-05 0.000328033
-0.0181795 0.000424542 0.00439622 0.000428257 -0.000633908 0.000427247
-0.0199113 0.000549412 0.005392 0.000554069 -0.000463199 0.000552642
-0.0226967 0.000707527 0.00472035 0.000713928 0.00173756 0.000711913
-0.0222553 0.000912745 0.00641039 0.000919985 -0.000648176 0.000916737
-0.0248325 0.00116296 0.00289855 0.00117353 -0.000704673 0.001171
-0.0251162 0.00146338 0.00321189 0.00147772 0.000753496 0.00147282
-0.0261606 0.00184633 0.00925703 0.00186133 0.000158076 0.00185495
-0.0283705 0.00232118 0.0057845 0.00233607 0.00143796 0.00233157
-0.0239894 0.00289468 0.00856437 0.00291468 -0.00101303 0.00289635
-0.0324052 0.00362597 0.011533 0.00364932 -0.00265246 0.00363786
-0.0311049 0.00432519 0.00960953 0.00434208 -0.00670181 0.00432889
-0.0249142 0.00517859 0.0067381 0.00522248 -0.0017343 0.00521496
-0.0268968 0.00615329 0.0103271 0.00618528 -0.00234147 0.00617177
-0.0366791 0.00702413 0.00295906 0.00707686 0.0130128 0.00704281
-0.0379171 0.00768557 0.0077174 0.00770765 -0.00882845 0.00774021
-0.0337967 0.00828277 0.014484 0.00825766 0.0042038 0.00832523
-0.0180639 0.00796887 -0.00710806 0.00809264 0.00505605 0.00806307
-0.00542537 8.08385e-05 0.000883454 8.04769e-05 9.16309e-05 8.0582e-05
-0.00769314 9.31553e-05 0.00144921 9.34504e-05 -5.4375e-05 9.38611e-05
-0.0102455 0.000118617 0.00164753 0.000119416 -0.000117955 0.000119685
-0.0125026 0.000154972 0.0022662 0.000156215 0.000107037 0.000156209
-0.0140998 0.000203921 0.0027096 0.00020572 -4.65356e-05 0.0002055
-0.0169516 0.000266136 0.00299161 0.000268638 -0.000122705 0.000268103
-0.0181156 0.000346572 0.00344338 0.000349895 -0.000474358 0.000349143
-0.0201764 0.000450827 0.00385584 0.00045489 -0.00080546 0.000453762
-0.0221273 0.000585189 0.00436536 0.000590241 0.000562013 0.000589068
-0.0227199 0.000754288 0.00520929 0.000760522 -0.000308536 0.000758636
-0.0241924 0.000970973 0.00626871 0.000979293 0.000491895 0.000976319
-0.0267146 0.00123481 0.00566753 0.00124441 0.00227298 0.00124045
-0.029583 0.0015651 0.00564089 0.00157717 0.000900128 0.00157552
-0.028527 0.00197489 0.00949889 0.00198901 -0.000214926 0.00198172
-0.0246391 0.00246823 0.00714497 0.00248071 -0.000912458 0.00248074
-0.0269685 0.00305464 0.00881433 0.00308089 -0.000900167 0.00306481
-0.022511 0.00372891 0.00941143 0.00375453 -0.00375183 0.00373144
-0.0267458 0.00456024 0.00140499 0.00461702 0.000148515 0.00458117
-0.0310425 0.00553007 -0.00593794 0.00562168 -0.00538937 0.00559819
-0.0284992 0.00654355 -0.00649925 0.00664129 -0.0115274 0.00661868
-0.0363551 0.00766229 0.0146253 0.0076824 -0.00474538 0.00763874
-0.0287065 0.0080204 0.0283683 0.00798558 -0.00943651 0.00798691
-0.0349307 0.00892354 0.0114803 0.00893912 0.001864 0.00896679
-0.0209323 0.0087247 0.0164199 0.00870053 -0.00729923 0.00873703
-0.00628257 0.000116868 0.000665771 0.000116306 0.000211304 0.000116471
-0.00919658 0.000134855 0.000976277 0.0001354 5.42877e-05 0.00013595
-0.0120298 0.000172375 0.00167216 0.000173706 0.000306295 0.00017406
-0.0144828 0.000226012 0.00184868 0.000228081 0.000201061 0.000228091
-0.0170498 0.000297977 0.00231049 0.000301064 0.000131814 0.000300624
-0.0196756 0.000390578 0.00252377 0.000394805 0.000683871 0.000394184
-0.0215783 0.000511388 0.00333237 0.000516698 0.000212245 0.000515697
-0.0240591 0.000667361 0.00513172 0.000673516 -1.00873e-05 0.0006729
-0.025635 0.000861952 0.00353497 0.000871746 -0.000856971 0.000869076
-0.0268492 0.00111726 0.00619217 0.00112853 -0.00131166 0.00112467
-0.0281999 0.00143804 0.00791856 0.00144842 0.00144832 0.00144746
-0.025342 0.00182617 0.00536169 0.0018439 0.0031981 0.00183957
-0.0324338 0.00230512 0.0039088 0.00232932 -0.00102537 0.00232331
-0.0374189 0.00293765 0.00665283 0.0029653 -0.000561328 0.00296111
-0.0294289 0.00372376 0.00692313 0.00374724 -0.00362501 0.00374909
-0.0348164 0.00454452 0.00738603 0.00457998 0.000177288 0.00458248
-0.0268522 0.00550113 0.00494256 0.00557821 0.00535815 0.00554451
-0.0411191 0.00684407 0.00862706 0.00693489 -0.0084709 0.00688266
-0.0416908 0.00809065 0.000216504 0.00820887 -0.00360787 0.00817088
-0.0310533 0.00949572 0.00214936 0.00958108 0.0115336 0.00957948
-0.0406812 0.0106001 -0.00640646 0.0107552 0.0114204 0.0108006
-0.0181952 0.0116406 -0.00260121 0.0118469 0.00526778 0.0117166
-0.022099 0.0125069 0.00814564 0.0125973 -0.00785892 0.0126329
-0.0196083 0.0130686 0.0312363 0.0127851 0.00504824 0.0129139
-0.00789762 0.000167584 0.000330527 0.000166795 8.98185e-05 0.000167046
-0.0113918 0.000194435 0.00103968 0.000195252 0.000164605 0.000195985
-0.0157804 0.000250545 0.00143016 0.000252553 0.000281438 0.000253057
-0.0186385 0.000331205 0.00134766 0.000334534 2.668e-06 0.000334463
-0.0217059 0.000440321 0.00302759 0.000444827 -0.000738826 0.000444266
-0.0240797 0.000579707 0.00238218 0.000586447 -0.000208656 0.00058539
-0.0268962 0.000764702 0.00493892 0.000772051 -0.00253558 0.000770938
-0.0323168 0.000996341 0.00639523 0.00100668 -0.00127981 0.00100422
-0.0330093 0.00130711 0.00468381 0.00131926 -0.00385474 0.00131869
-0.0333567 0.00169036 0.00408999 0.00171051 -0.00269928 0.00170667
-0.0425483 0.00218197 0.00465251 0.00220739 0.000284476 0.00220143
-0.0430386 0.00276371 0.00607436 0.00279497 0.000854579 0.0027884
-0.0414382 0.00354606 0.0115656 0.00356544 0.00319983 0.00356205
-0.0470922 0.00445744 0.014625 0.00447523 -7.40659e-05 0.00446788
-0.0358601 0.00553629 0.00615893 0.00557035 0.00172958 0.0055984
-0.0425451 0.00700747 0.00714767 0.00712397 0.00367438 0.00709863
-0.0354487 0.00861093 0.0029959 0.00866563 -0.00573345 0.00882008
-0.0572351 0.0104796 0.0250517 0.0105635 -0.00224915 0.0103249
-0.0526651 0.0127349 0.0255424 0.0127775 -0.0119088 0.0127504
-0.0428796 0.0145712 0.0119336 0.0148455 -0.0176561 0.0145329
-0.00568869 0.0160631 0.00858708 0.0160232 -0.00823255 0.0161944
-0.0308781 0.0181855 0.0195928 0.0184317 0.00498149 0.0182015
-0.00249434 0.0174835 -0.00430604 0.017457 -0.0147885 0.0175696
-0.0232623 0.0185049 -0.0149172 0.0187877 0.0107738 0.0185833
-0.0117161 0.00026828 0.000691828 0.000266879 5.08089e-05 0.000267335
-0.0169409 0.000313859 0.000809772 0.000315139 -3.47766e-05 0.000316348
-0.0223837 0.000409819 0.00168006 0.000413037 0.000872833 0.000413863
-0.0268427 0.000550031 0.00325131 0.000555185 -0.000607558 0.000554924
-0.033583 0.000739445 0.00231304 0.000747234 -0.00104487 0.000746592
-0.036064 0.000985861 0.00335248 0.000997301 0.000211341 0.000995615
-0.0397826 0.00131034 0.00423149 0.00132404 -0.000719961 0.00132237
-0.0450085 0.00172917 0.00678207 0.00174787 -0.00159831 0.00174467
-0.0450037 0.00227377 0.00521759 0.00229599 -0.00210918 0.00229521
-0.0427719 0.0029427 0.00636076 0.00295863 -0.00531692 0.00296388
-0.0510819 0.00383453 0.0113422 0.00386614 -4.43506e-05 0.0038643
-0.0515903 0.00491849 0.0105512 0.00495941 -0.00244063 0.00494286
-0.0535473 0.00630223 0.0099965 0.00635107 -0.00411862 0.00632883
-0.0563845 0.0080416 0.0137431 0.0080851 0.0121851 0.00808078
-0.0640942 0.0101395 0.0168172 0.0101507 -0.00346378 0.0101644
-0.062443 0.0126295 0.0360854 0.0126018 -0.014665 0.0124215
-0.0487609 0.0149531 0.0185407 0.0149874 0.034406 0.0148046
-0.0728336 0.018512 0.0341521 0.0183991 0.0277215 0.0185771
-0.0752319 0.0209935 0.0400552 0.0207719 -0.0400203 0.0206847
-0.048603 0.0245981 0.030046 0.0240957 0.031738 0.0248146
-0.0662295 0.0266114 -0.026661 0.0281386 -0.00724901 0.0273842
-0.0259514 0.031058 0.0108273 0.031511 0.00410152 0.0314187
0.0213324 0.0336312 0.070945 0.0339087 -0.0103351 0.0337208
0.0124873 0.0353017 -0.000725303 0.0359544 0.0475347 0.0354127
