0 454933
1 454934
2 454935
3 454936
4 454937
5 454943
6 454944
7 454945
8 454946
9 454947
10 454948
11 455049
12 455050
13 455051
14 455052
15 455053
16 455056
17 455060
18 455062
19 455063
20 455064
21 455065
22 455066
23 455071
24 455073
25 455074
26 455077
27 455078
28 455080
29 455081
30 455082
31 455083
32 455200
33 455201
34 455202
35 455203
36 455206
37 455207
38 455208
39 455209
40 455211
41 455212
42 455213
43 455218
44 455220
45 455221
46 455222
47 455223
48 455224
49 455302
50 455303
51 455304
52 455306
53 455344
54 455346
55 455351
56 455352
57 455353
58 455355
59 455362
60 455363
61 455364
62 455365
63 455366
64 455367
65 455446
66 455449
67 455450
68 455451
69 455452
70 455476
71 455477
72 455478
73 455545
74 455547
75 455550
76 455551
77 455552
78 455557
79 455585
80 455586
81 455587
82 455589
83 455590
84 455592
85 455604
86 455605
87 455637
88 455638
89 455639
90 455792
91 455793
92 455794
93 455795
94 455832
95 455836
96 455837
97 455874
98 455875
99 455877
100 455896
101 455897
102 455898
103 455909
104 455910
105 455911
106 455912
107 455914
108 455915
109 455916
110 455917
111 455918
112 455919
113 455950
114 455951
115 455952
116 455953
117 455954
118 455979
119 455980
120 455981
121 455982
122 455983
123 455985
124 455986
125 455987
126 456015
127 456016
128 456017
129 456021
130 456022
131 456023
132 456024
133 456025
134 456083
135 456084
136 456085
137 456086
138 456087
139 456088
140 456089
141 456090
142 456106
143 456107
144 456109
145 456110
146 456111
147 456112
148 456113
149 456141
150 456142
151 456144
152 456145
153 456200
154 456201
155 456203
156 456207
157 456208
158 456209
159 456211
160 456212
161 456213
162 456281
163 456283
164 456517
165 456521
166 456523
167 456528
168 456529
169 456540
170 456575
171 456590
172 456591
173 456652
174 456653
175 456655
176 456657
177 456659
178 456660
179 456661
180 456664
181 456666
182 456670
183 456671
184 456675
185 456727
186 456728
187 456732
188 456733
189 456736
190 456738
191 456740
192 456744
193 456938
194 456941
195 456943
196 456945
197 456946
198 456948
199 457013
200 457015
201 457016
202 457019
203 457024
204 457025
205 457028
206 457029
207 457031
208 457032
209 457036
210 457037
211 457042
212 457043
213 457044
214 457045
215 457083
216 457085
217 457099
218 457100
219 457101
220 457103
221 457110
222 457111
223 457115
224 457116
225 457118
226 457121
227 457123
228 457180
229 457182
230 457184
231 457187
232 457188
233 457199
234 457200
235 457201
236 457202
237 457213
238 457214
239 457215
240 457216
241 457217
242 457218
243 457219
244 457220
245 457221
246 457227
247 457264
248 457267
249 457280
250 457281
251 457296
252 457297
253 457298
254 457569
255 457634
256 457635
257 457637
258 457718
259 457719
260 457722
261 457723
262 457749
263 457753
264 457754
265 457755
266 457757
267 457758
268 457759
269 457760
270 457791
271 457792
272 457793
273 457794
274 457797
275 457798
276 457799
277 457832
278 457833
279 457834
280 457835
281 457836
282 457837
283 457838
284 457839
285 457840
286 457841
287 457842
288 457843
289 457847
290 457849
291 457850
292 457851
293 457897
294 457898
295 457899
296 457901
297 457904
298 457905
299 457906
300 457909
301 457910
302 457912
303 457914
304 457915
305 457916
306 457917
307 457919
308 457920
309 457921
310 457922
311 457923
312 457925
313 457929
314 457930
315 457931
316 457932
317 457933
318 457934
319 457935
320 457936
321 457938
322 457939
323 457940
324 457942
325 457943
326 457944
327 457945
328 457946
329 457947
330 457948
331 457949
332 457950
333 457955
334 457956
335 457957
336 457959
337 457960
338 457961
339 457996
340 458007
341 458008
342 458009
343 458011
344 458012
345 458013
346 458014
347 458114
348 458115
349 458118
350 458152
351 458153
352 458154
353 458155
354 458157
355 458158
356 458159
357 458160
358 458161
359 458162
360 458165
361 458166
362 458167
